1057
1162
1740
1920
489651
491347
566261
566266
566268
566272
566275
566302
566351
569056
569549
570265
570298
571837
572721
572735
573041
573673
573713
573730
573743
573914
574002
574867
577528
578147
579239
580437
580448
651188
651206
651292
651352
651694
651769
651909
651952
651959
651971
652041
652061
652077
653013
653372
654862
654863
675932
683103
779356
779360
779394
779455
779466
779491
779508
779531
779614
779678
779730
779819
779923
779947
780434
780763
780959
780985
780997
781006
781016
781045
781194
781272
781308
781324
781336
781443
781461
781463
781584
781605
781719
781763
781804
781817
781854
781936
781976
782286
782312
782318
782324
782339
782632
782731
782742
782769
782800
782835
782966
783012
783099
783148
783182
783246
788810
793483
806494
844281
851270
853779
855412
859169
859282
859283
859287
859290
859294
859297
859298
859301
859304
859307
859309
859312
859313
859316
859317
859318
859320
859324
859325
859326
859331
859334
859339
859340
866118
874221
883156
883160
883177
898382
921606
951833
952387
952406
952412
952434
952447
952450
952456
957172
974226
977054
984661
984803
1008614
1008616
1008620
1008622
1011810
1012590
1018550
1018550
1018550
1021840
1021840
1021840
1021840
1021884
1021884
1021884
1021884
1021915
1021915
1021915
1022220
1022220
1022220
1022220
1022220
1023071
1026209
1026210
1027279
1030352
1030352
1031105
1031105
1033221
1033231
1034779
1039670
1039695
1040171
1043694
1043874
1043954
1046885
1047938
1048095
1048097
1048099
1048101
1051523
1053287
1054065
1054759
1056610
1056738
1057549
1058723
1060181
1060203
1060206
1060208
1060211
1060571
1060575
1060597
1060599
1060601
1060603
1061739
1064207
1064218
1064239
1065486
1065488
1065511
1065513
1065515
1066110
1066165
1066192
1066213
1067610
1067612
1068477
1068786
1068793
1069592
1069679
1071360
1077949
1081991
1086681
1094170
1095142
1102813
1102816
1107506
1107509
1107510
1107512
1112626
1112634
1112685
1112769
1112831
1113025
1113256
1113331
1113334
1113379
1113460
1113547
1113550
1113584
1113603
1113611
1113612
1113643
1113726
1113878
1113946
1113996
1114065
1114127
1114129
1114130
1114131
1114132
1114133
1114134
1114145
1114149
1114151
1114193
1114194
1114196
1114197
1114409
1114504
1114511
1114523
1114544
1114591
1114607
1114651
1114670
1114698
1114699
1114708
1114713
1114738
1114846
1114867
1114914
1114915
1114938
1114999
1115000
1115077
1115080
1115141
1115149
1115154
1115255
1115256
1115303
1115357
1115362
1115459
1115515
1115560
1115583
1115639
1115683
1115700
1115748
1115750
1115763
1115785
1115888
1115906
1115907
1115910
1115913
1115950
1115954
1115971
1115973
1115976
1115982
1116013
1116016
1116056
1116114
1116123
1116130
1116149
1116189
1116192
1116295
1116323
1116381
1116402
1116404
1116405
1116406
1116420
1116422
1116423
1116424
1116429
1116456
1116457
1116458
1116481
1116483
1116510
1116613
1116656
1116675
1116709
1116714
1116770
1116787
1116795
1116810
1116895
1116926
1116938
1116939
1117029
1117036
1117054
1117120
1117124
1117125
1117160
1117181
1117208
1117218
1117219
1117233
1117256
1117275
1117284
1117297
1117344
1117345
1117361
1117384
1117389
1117397
1117405
1117406
1117425
1117428
1117430
1117538
1117543
1117560
1117585
1117620
1117621
1117630
1117634
1117644
1117645
1117694
1117707
1117715
1117716
1117719
1117756
1117776
1117789
1117821
1117965
1118022
1118044
1118054
1118061
1118154
1118156
1118264
1118386
1118388
1118389
1118391
1118396
1118450
1118525
1118562
1118612
1118691
1118722
1118730
1118750
1118808
1118904
1119060
1119062
1119136
1119173
1119532
1119533
1119535
1119554
1119555
1119556
1119557
1119558
1119559
1119560
1119598
1119821
1119868
1120049
1120250
1120401
1120693
1120768
1120794
1120795
1120886
1121181
1121373
1121504
1121588
1121603
1121607
1121611
1121615
1121636
1121686
1121749
1121756
1122133
1122134
1122135
1122136
1122141
1122262
1122269
1122549
1122759
1122837
1122895
1122897
1122905
1122925
1122969
1123115
1123319
1123366
1123414
1123433
1123447
1123459
1123461
1123860
1123965
1124188
1124363
1124370
1124488
1124838
1124879
1124888
1125037
1125276
1125430
1125618
1125852
1125855
1125856
1125857
1125881
1125946
1125963
1125971
1125976
1126163
1126300
1126351
1126825
1126831
1127063
1127111
1127112
1127113
1127114
1127554
1127570
1127594
1127700
1127701
1127702
1127705
1127706
1127976
1127991
1128107
1128122
1128123
1128125
1128317
1128328
1128414
1128420
1128811
1128895
1128938
1129159
1129400
1129407
1129761
1129786
1129908
1130233
1130236
1130260
1130294
1130622
1130698
1131140
1131237
1131553
1131635
1132203
1132223
1132316
1132505
1132575
1132710
1132712
1132713
1132798
1132840
1132866
1132928
1133037
1133400
1133402
1133590
1133663
1133671
1133677
1133763
1133764
1134541
1134988
1135069
1135286
1135360
1135451
1135508
1135617
1135633
1135645
1135839
1135841
1136123
1136124
1136125
1136146
1136152
1136159
1136161
1136162
1136163
1136394
1136436
1136494
1136497
1136500
1136822
1136830
1137060
1137153
1137167
1137168
1137279
1137320
1137463
1137537
1137539
1138028
1138061
1138062
1138086
1138173
1138174
1138235
1138768
1138770
1138911
1140162
1140250
1140337
1140486
1140493
1140709
1140786
1140832
1140854
1140911
1140989
1141129
1141337
1141429
1141629
1141708
1141769
1141828
1141835
1141954
1142021
1142601
1142632
1142652
1142680
1142736
1142817
1142847
1142849
1142870
1142956
1143015
1143059
1143145
1143170
1143220
1143235
1143249
1143294
1143441
1143444
1143445
1143446
1143453
1143454
1143507
1143510
1143869
1143879
1143905
1144017
1144048
1144054
1144063
1144139
1144242
1144263
1144271
1144276
1144333
1144363
1144439
1144442
1144468
1144554
1144557
1144558
1144560
1144664
1144666
1144669
1144673
1144680
1144750
1144920
1144924
1144927
1144930
1144968
1144969
1144970
1144971
1144981
1144982
1144992
1145022
1145036
1145050
1145074
1145075
1145219
1145221
1145222
1145410
1145477
1145521
1145609
1145615
1145751
1145765
1145777
1145780
1145815
1145816
1145817
1145820
1145822
1146076
1146157
1146170
1146178
1146229
1146231
1146232
1146233
1146368
1146372
1146560
1146563
1146574
1146576
1146579
1146580
1146582
1146620
1146637
1146725
1146726
1146752
1146763
1146795
1146805
1146807
1146820
1146920
1146957
1147194
1147206
1147215
1147217
1147218
1147220
1147224
1147225
1147226
1147227
1147325
1147378
1147391
1147420
1147458
1147624
1147889
1147900
1147904
1148028
1148030
1148128
1148190
1148194
1148197
1148268
1148274
1148596
1148680
1148698
1148737
1148738
1148772
1148773
1148776
1148820
1148898
1148902
1148907
1148935
1148962
1148965
1149029
1149032
1149499
1149502
1149574
1149685
1149700
1149779
1149786
1149787
1149835
1150189
1150224
1150312
1150525
1150730
1150734
1150946
1151023
1151092
1151191
1151212
1151344
1151354
1151449
1151523
1151524
1151565
1151648
1151722
1151875
1151962
1151972
1151992
1152022
1152545
1152859
1152866
1152867
1152915
1152917
1152937
1153029
1153077
1153151
1153154
1153203
1153258
1153588
1153831
1153941
1153944
1153947
1153949
1153950
1153953
1153954
1153955
1154035
1154038
1154039
1154240
1154252
1154285
1154358
1154479
1154499
1154557
1154914
1154984
1155040
1155049
1155055
1155084
1155197
1155200
1155223
1155228
1155234
1155236
1155238
1155240
1155519
1155520
1155521
1155522
1155569
1155594
1155615
1155965
1155966
1155980
1155982
1155984
1155987
1155988
1155990
1156191
1156434
1156650
1157125
1157647
1157657
1157903
1158069
1158093
1158100
1158230
1158252
1158292
1158294
1158348
1158354
1158356
1158360
1158432
1158442
1158592
1158610
1158837
1158877
1158882
1159307
1159318
1159372
1159642
1159658
1159687
1159713
1159755
1159756
1159759
1159774
1160489
1160814
1160901
1160922
1160923
1160924
1161201
1161202
1161203
1161347
1161403
1161412
1161470
1161565
1161795
1161800
1161863
1162015
1162054
1162113
1162181
1162215
1162281
1162306
1162322
1162330